Mod = {191702201, 
1901307980,
1507758484,
552409957,
163842876,
2299195145,
2063446193,
1942560304,
2818030791,
548060160,
176719201,
1262941933,
1114663871,
2663665701,
1185377996,
148475205,
1965093720,
2256947001,
1602401946,
118055961,
2030401921,
947464492}

Admin = {255266623,
2780338149,
264158127,
2432905842,
1224511747,
106360508,
2651512257,
149244931,
623162005,
186150627,
96572067,
2769680959,
129820721,
1821780137,
1812815557,
657973271,
1891742171,
74468068,
1965071983,
2532093511,
350507609,
2559407811,
450235059,
2294188446,
2205892649,
1532895942,
2636559960,
2310228837,
2756202769,
2635678136,
2665398320,
466978054,
76899044,
660453932,
1263515399,
2466090654,
171832854}

Booster = {2655539987,
2890206206,
238937763,
128339086,
1592177326,
1932032180,
857608825,
1786106647,
2714536645}
--771227754371874827
--519673515826479114
--808505430053355520
--806832259482648606
--678836076294438913
--563800794894434315
--719791155495043122

Owner = {31598955,
658881067,
2389900001,
558213644}

Testers = {}
